0,0,0,0,0,0,0,0,0,0,0,0,0,0,0,0,0,0,0,0,0,0,0,0,0.024716,0.032086,0.032059,0.027993,0.025936,0.02578,0.024848,0.025165,0.028748,0.032856,0.033631,0.027633,0.014913,0.002495,0.0042037,0.0077877,0.011387,0.013919,0.01387,0.012072,0.010142,0.0089141,0.0090772,0.0094696,0.0062897,0.03464,0.060835,0.074049,0.09037,0.078028,0.07909,0.082786,0.084315,0.081861,0.07993,0.082794,0.08515,0.079834,0.06553,0.047701,0.035265,0.029147,0.022899,0.015562,0.0097901,0.0056674,0.0028932,0.00075847,0.010568,0.027056,0.041843,0.050484,0.062922,0.087174,0.11595,0.13941,0.15549,0.1662,0.1704,0.16168,0.13913,0.11402,0.097134,0.087485,0.075082,0.055043,0.032811,0.011049,0.013761,0.031318,0.027105,0.016625,0.02111,0.044989,0.08202,0.10609,0.099139,0.076028,0.050801,0.038664,0.044213,0.04297,0,0,0,0,0,0,0,0,0,0,0,0,0,0,0,0,0,0,0,0,0,0
0,0,0,0,0,0,0,0,0,0,0,0,0,0,0,0,0,0,0,0.063808,0.052049,0.04226,0.041562,0.017575,0.018363,0.04891,0.05777,0.054548,0.051027,0.051688,0.050786,0.051073,0.057019,0.064315,0.065221,0.052783,0.027981,0.0043814,0.0083524,0.015465,0.022649,0.027501,0.027043,0.022908,0.018501,0.015927,0.016584,0.017693,0.011656,0.036001,0.064541,0.073999,0.10421,0.11375,0.11545,0.1198,0.12107,0.1169,0.114,0.11806,0.12151,0.11485,0.095791,0.071075,0.053554,0.044891,0.03555,0.024248,0.01544,0.0096655,0.0063663,0.0018132,0.01211,0.0363,0.05793,0.06875,0.082013,0.11096,0.14776,0.17936,0.20314,0.22181,0.23321,0.22674,0.19819,0.16488,0.14712,0.14294,0.13253,0.1082,0.084414,0.070084,0.054924,0.044949,0.059784,0.07855,0.069038,0.027205,0.029562,0.057508,0.04341,0.024164,0.026952,0.063788,0.087199,0.087878,0.076134,0.049032,0,0,0,0,0,0,0,0,0,0,0,0,0,0,0,0,0,0,0,0
0,0,0,0,0,0,0,0,0,0,0,0,0,0,0,0,0,0.084339,0.097758,0.10701,0.095965,0.080322,0.080167,0.11149,0.099016,0.045414,0.074812,0.07598,0.070771,0.073506,0.074649,0.074805,0.080734,0.088675,0.087787,0.068757,0.03526,0.0051701,0.01124,0.021632,0.032253,0.038854,0.036994,0.028953,0.020745,0.016924,0.019265,0.022271,0.014513,0.043614,0.076023,0.073504,0.12368,0.14412,0.1452,0.1481,0.14674,0.13932,0.13494,0.13916,0.14276,0.13693,0.11835,0.091778,0.072262,0.06268,0.050828,0.035195,0.022985,0.01641,0.014506,0.010717,0.0072696,0.04185,0.073645,0.083145,0.082078,0.095535,0.1253,0.15788,0.18721,0.21497,0.2431,0.25964,0.24797,0.22767,0.23345,0.25995,0.27536,0.27554,0.28763,0.32433,0.36381,0.39443,0.43137,0.45465,0.42599,0.35234,0.29282,0.31204,0.35201,0.31836,0.14851,0.033863,0.10544,0.12798,0.12368,0.066361,0.0011896,0.0044305,0,0,0,0,0,0,0,0,0,0,0,0,0,0,0,0,0,0
0,0,0,0,0,0,0,0,0,0,0,0,0,0,0,0.083395,0.11904,0.13243,0.13489,0.13839,0.12725,0.10454,0.10411,0.083325,0.10174,0.035602,0.08379,0.087372,0.076696,0.083155,0.091053,0.091349,0.090769,0.091612,0.083846,0.060779,0.032152,0.011941,0.00049879,0.013801,0.027708,0.03574,0.03144,0.015918,0.0011178,0.0018561,0.0075297,0.017435,0.011661,0.00072851,0.008226,0.048616,0.11515,0.15239,0.14586,0.14082,0.12645,0.10585,0.09258,0.086741,0.081917,0.084628,0.090942,0.087596,0.082363,0.082369,0.074924,0.056336,0.040195,0.037031,0.040279,0.024277,0.038324,0.13901,0.21781,0.2217,0.16261,0.11312,0.11668,0.14917,0.17939,0.21601,0.3005,0.41209,0.48537,0.53385,0.61774,0.74616,0.88597,1.0248,1.1573,1.2908,1.4513,1.6304,0,0,0,0,0,0,0,0,0,0.10656,0.08343,0.17309,0.16593,0.02979,0.012819,0.011832,0.007451,0,0,0,0,0,0,0,0,0,0,0,0,0,0,0,0,0
0,0,0,0,0,0,0,0,0,0,0,0,0,0,0.068881,0.11105,0.14998,0.17349,0.17075,0.14867,0.1021,0.046056,0.044101,0.049888,0.010695,0.062389,0.13874,0.14347,0.12042,0.13537,0.16554,0.16576,0.13326,0.10755,0.090883,0.087998,0.13003,0.19933,0.2273,0.20115,0.15927,0.12214,0.10874,0.12783,0.14455,0.12174,0.065439,0.01495,0.0014648,0.016869,0,0,0,0,0,0,0,0,0,0,0,0,0,0,0,0,0,0,0,0,0,0,0,0,0,0,0,0,0.72417,0.71423,0.77222,0,0.99517,1.1287,1.2615,1.3896,0,0,0,0,0,0,0,0,0,0,0,0,0,0,0,0,0,0,0,0,0.31076,0.01257,0.026421,0.02323,0.026517,0.024894,0.015036,0,0,0,0,0,0,0,0,0,0,0,0,0,0,0
0,0,0,0,0,0,0,0,0,0,0,0,0,0.057093,0.095796,0.13753,0.17426,0.19031,0.12886,0.088969,0,0,0,0,0,0,0,0,0,0,0,0,0,0,0,0,0,0,0,0.96785,0,0,0,0,0,0,0,0,0,0,0,0,0,0,0,0,0,0,0,0,0,0,0,0,0,0,0,0,0,0,0,0,0,0,0,0,0,0,0,0,0,0,0,0,0,0,0,0,0,0,0,0,0,0,0,0,0,0,0,0,0,0,0,0,0,0,0,0,0.041567,0.055436,0.065006,0.04915,0.032618,0.018892,0.0090534,0,0,0,0,0,0,0,0,0,0,0,0,0
0,0,0,0,0,0,0,0,0,0,0,0.031294,0.050288,0.076868,0.11808,0.16078,0.17543,0.052081,0,0,0,0,0,0,0,0,0,0,0,0,0,0,0,0,0,0,0,1.6244,1.5339,1.3674,1.2978,0,0,0,0,0,0,0,0,0,0,0,0,0,0,0,0,0,0,0,0,0,0,0,0,0,0,0,0,0,0,0,0,0,0,0,0,0,0,0,0,0,0,0,0,0,0,0,0,0,0,0,0,0,0,0,0,0,0,0,0,0,0,0,0,0,0,0,0,0.13516,0.098198,0.070797,0.056161,0.048606,0.052429,0.014961,0,0,0,0,0,0,0,0,0,0,0,0
0,0,0,0,0,0,0,0,0,0,0.039099,0.047515,0.061234,0.088107,0.13538,0.16852,0.030235,0,0,0,0,0,0,0,0,0,0,0,0,0,0,0,0,0,0,0,0,0,0,0,0,0,0,0,0,0,0,0,0,0,0,0,0,0,0,0,0,0,0,0,0,0,0,0,0,0,0,0,0,0,0,0,0,0,0,0,0,0,0,0,0,0,0,0,0,0,0,0,0,0,0,0,0,0,0,0,0,0,0,0,0,0,0,0,0,0,0,0,0,0,0,0.10826,0.091382,0.020903,0.07096,0.048503,0,0,0,0,0,0,0,0,0,0,0,0
0,0,0,0,0,0,0,0,0,0,0.06527,0.071667,0.076992,0.096829,0.14766,0,0,0,0,0,0,0,0,0,0,0,0,0,0,0,0,0,0,0,0,0,0,0,0,0,0,0,0,0,0,0,0,0,0,0,0,0,0,0,0,0,0,0,0,0,0,0,0,0,0,0,0,0,0,0,0,0,0,0,0,0,0,0,0,0,0,0,0,0,0,0,0,0,0,0,0,0,0,1.6179,1.3927,1.1956,1.1361,1.2116,1.2991,1.2625,0,0,0,0,0,0,0,0,0,0,0,0,0.014102,0.203,0.16368,0.10579,0.049384,0,0,0,0,0,0,0,0,0,0,0
0,0,0,0,0,0,0,0,0,0.045477,0.075929,0.09553,0.10565,0.12585,0,0,0,0,0,0,0,0,0,0,0,0,0,0,0,0,0,0,0,0,0,0,0,0,0,0,0,0,0,0,0,0,0,0,0,0,0,0,0,0,0,0,0,0,0,0,0,0,0,0,0,0,0,0,0,0,0,0,0,0,0,0,0,0,0,0,0,0,0,0,0,0,0,0,0,1.6115,1.4255,1.26,1.1346,0.97193,0.7565,0.59658,0.57297,0.64365,0.70632,0,0,0,0,0,0,0,0,0,0,0,0,0,0,0.28289,0.22844,0.15658,0.07424,0,0,0,0,0,0,0,0,0,0,0
0,0,0,0,0,0,0,0,0,0.039254,0.067115,0.099424,0.14008,0,0,0,0,0,0,0,0,0,0,0,0,0,0,0,0,0,0,0,0,0,0,0,0,0,0,0,0,0,0,0,0,0,0,0,0,0,0,0,0,0,0,0,0,0,0,0,0,0,0,0,0,0,0,0,0,0,0,0,0,0,0,0,0,0,0,0,0,0,0,0,0,0,0,1.3262,1.2013,1.0492,0.86939,0.70683,0.57874,0.4312,0.24195,0,0,0,0,0,0,0,0,0,0,0,0,0,0,0,0,0,0,0.32766,0.2639,0.18129,0.084296,0,0,0,0,0,0,0,0,0,0,0
0,0,0,0,0,0,0,0,0.014353,0.029354,0.047295,0.073948,0,0,0,0,0,0,0,0,0,0,0,1.3135,1.1208,0.85959,0.67946,0.67102,0.78428,0.99644,1.2824,1.5493,1.6428,1.5492,1.5359,0,0,0,0,0,0,0,0,0,0,0,0,0,0,0,0,0,0,0,0,0,0,0,0,0,0,0,0,0,0,0,0,0,0,0,0,0,0,0,0,0,0,0,0,0,0,0,0,0,0,0,0,0.80439,0.64304,0.51708,0.37096,0.18716,0,0,0,0,0,0,0,0,0,0,0,0,0,0,0,0,0,0,0,0,0,0.33629,0.25409,0.18324,0.10661,0.043612,0,0,0,0,0,0,0,0,0,0
0,0,0,0,0,0,0,0,0.0049941,0.0027963,0.012752,0.028185,0,0,0,0,0,0,0,0,0,0,0,0.56557,0.50113,0.30737,0.14213,0.14915,0.31635,0.58785,0.84713,1.0115,1.0044,0.89353,0.90989,1.1562,0,0,0,0,0,0,0,0,0,0,0,0,0,0,0,0,0,0,0,0,0,0,0,0,0,0,0,0,0,0,0,0,0,0,0,0,0,0,0,0,0,0,0,0,0,0,0,0,0,0,0,0,0,0,0,0,0,0,0,0,0,0,0,0,0,0,0,0,0,0,0,0,0,0,0,0,0,0,0.25504,0.21515,0.14768,0.069299,0,0,0,0,0,0,0,0,0,0
0,0,0,0,0,0,0,0,0.027155,0.028627,0.026517,0.013472,0,0,0,0,0,0,0,0,0,0,0,0,0,0,0,0,0,0.4146,0.56751,0.6913,0.71606,0,0,0,0,0,0,0,0,0,0,0,0,0,0,0,0,0,0,0,0,0,0,0,0,0,0,0,0,0,0,0,0,0,0,0,0,0,0,0,0,0,0,0,0,0,0,0,0,0,0,0,0,0,0,0,0,0,0,0,0,0,0,0,0,0,0,0,0,0,0,0,0,0,0,0,0,0,0,0,0,0,0.29997,0.25787,0.17941,0.084933,0.016669,0,0,0,0,0,0,0,0,0
0,0,0,0,0,0,0,0.020638,0.03322,0.040606,0.042247,0,0,0,0,0,0,0,0,0,0,0,0,0,0,0,0,0,0,0,0,0,0,0,0,0,0,0,0,0,0,0,0,0,0,0,0,0,0,0,0,0,0,0,0,0,0,0,0,0,0,0,0,0,0,0,0,0,0,0,0,0,0,0,0,0,0,0,0,0,0,0,0,0,0,0,0,0,0,0,0,0,0,1.8789,1.894,2.346,0,0,0,0,0,0,0,0,0,0,0,0,0,0,0,0,0,0,0.37705,0.28505,0.20924,0.1122,0.045623,0,0,0,0,0,0,0,0,0
0,0,0,0,0,0,0,0.0073218,0.014073,0.019348,0.018224,0,0,0,0,0,0,0,0,0,0,0,0,0,0,0,0,2.3743,2.3687,2.1512,1.9832,2.0033,2.0732,0,0,0,0,0,0,0,0,0,0,0,0,0,0,0,0,0,0,0,0,0,0,0,0,0,0,0,0,0,0,0,0,0,0,0,0,0,0,0,0,0,0,0,0,0,0,0,0,0,0,0,0,0,0,0,0,1.2125,1.4511,1.6457,1.7267,1.6865,1.624,1.7456,2.173,2.6558,0,0,0,0,0,0,0,0,0,0,0,0,0,0,0,0,0,0.31037,0.23036,0.15166,0.070252,0,0,0,0,0,0,0,0,0
0,0,0,0,0,0,0,0.0087101,0.014014,0.02089,0.035139,0,0,0,0,0,0,0,0,0,0,0,0,0,1.7779,1.7246,1.7593,1.7603,1.6025,1.4061,1.3598,1.4716,1.5838,1.4894,1.2655,1.1805,0,0,0,0,0,0,0,0,0,0,0,0,0,0,0,0,0,0,0,0,0,0,0,0,0,0,0,0,0,0,0,0,0,0,0,0,0,0,0,0,0,0,0,0,0,0,0,0,0,0,0,0,0.58059,0.71735,0.89106,1.0937,1.2545,1.2761,1.1668,1.1382,1.3989,1.8192,2.1771,0,0,0,0,0,0,0,0,0,0,0,0,0,0,0,0,0.34385,0.2651,0.18238,0.088058,0.016506,0,0,0,0,0,0,0,0
0,0,0,0,0,0,0,0.016213,0.023724,0.035178,0.059281,0,0,0,0,0,0,0,0,0,0,0,1.9808,1.723,1.5318,1.4446,1.4124,1.2944,1.0343,0.83126,0.83367,0.98055,1.0178,0.84623,0.69571,0.71499,0.79221,0,0,0,0,0,0,0,0,0,0,0,0,0,0,0,0,0,0,0,0,0,0,0,0,0,0,0,0,0,0,0,0,0,0,0,0,0,0,0,0,0,0,0,0,0,0,0,0,0,0,0,0.25195,0.30364,0.37551,0.47314,0,0,0.1236,0.075469,0.61891,1.2716,0,0,0,0,0,0,0,0,0,0,0,0,0,0,0,0,0,0.37943,0.27975,0.19908,0.11284,0.041035,0,0,0,0,0,0,0,0
0,0,0,0,0,0,0.012083,0.020377,0.027494,0.03739,0,0,0,0,0,0,0,0,0,0,0,1.9253,1.6047,1.2476,1.1148,1.1418,1.1449,0.91328,0.50228,0.25598,0.26083,0.31393,0.16475,0.048768,0.087417,0.36547,0.47204,0,0.2937,0,0.35869,0,0,0,0,0,0,0,0,0,0,0,0,0,0,0,0,0,0,0,0,0,0,0,0,0,0,0,0,0,0,0,0,0,0,0,0,0,0,0,0,0,0,0,0,0,0,0.032658,0,0.35446,0.33625,0.37977,0.58273,0.76986,0.7826,0.49308,0.14834,0,0,0,0,0,0,0,0,0,0,0,0,0,0,0,0,0,0,0,0.29281,0.21885,0.15029,0.062611,0.014122,0,0,0,0,0,0,0
0,0,0,0,0,0,0.021182,0.028284,0.035025,0.042541,0,0,0,0,0,0,0,0,0,0,0,1.3018,0.62126,0.1501,0.03348,0,0,0,0.18257,0.11539,0.22368,0.25747,0.34363,0.42197,0.72519,0.53671,0.096033,0.44645,0.56482,0.7083,0.60556,0.51482,0.17484,0,0,0,0,0,0,0,0,0,0,0,0,0,0,0,0,0,0,0,0,0,0,0,0,0,0,0,0,0,0,0,0,0,0,0,0,0,0,0,0,0.85886,1.1152,1.1915,0.63614,0.11906,0.45657,0.82537,0.52429,0.37415,0.63989,0.81704,0.57881,0.49507,0.7766,0,0,1.1111,0.76022,0.90318,2.8297,0,0,0,0,0,0,0,0,0,0,0,0,0,0.3368,0.23085,0.17242,0.091572,0.038145,0,0,0,0,0,0,0
0,0,0,0,0,0,0.044063,0.049666,0.052007,0.044933,0,0,0,0,0,0,0,0,0,0,0,0.35457,0.1987,0.52964,0.80157,0.82966,0,0,0.16234,0.3022,0.38019,0.34965,0.46078,0.30481,0.5782,0.88176,0.13137,0.55052,0.73504,0.81231,0.80967,0.4679,0.91166,0,0,0,0,0,0,0,0,0,0,0,0,0,0,0,0,0,0,0,0,0,0,0,0,0,0,0,0,0,0,0,0,0,0,0,0,0,0,0,0.93566,0.99188,1.077,1.1234,0.63689,0.22588,0.35338,0.69371,0.025295,0.39777,0.21736,0.63994,0.33898,0.70162,1.0522,1.1526,1.3263,1.0464,0.66799,0.42377,0.72076,1.6051,0,0,0,0,0,0,0,0,0,0,0,0,0,0.23545,0.18781,0.12874,0.059552,0,0,0,0,0,0,0
0,0,0,0,0,0.045307,0.068693,0.079707,0.078765,0.035125,0,0,0,0,0,0,0,0,0,0,0.27467,0.19003,0.44664,0.6116,0.75261,0.7897,0.1075,0.57586,0.18377,0.2179,0.28486,0.12358,0.56075,0.52985,0.73336,1.0279,0.077731,0.60592,0.85696,0.99255,1.0224,0.41175,0.989,0,0,0,0,0,0,0,0,0,0,0,0,0,0,0,0,0,0,0,0,0,0,0,0,0,0,0,0,0,0,0,0,0,0,0,0,0,0,0.95611,1.1449,1.1152,1.0846,0.92262,0.55877,0.29188,0.14343,0.18987,0.88748,1.2643,0.59674,0.55112,0.56686,0.87336,1.1078,1.3216,1.2838,0.91178,0.53067,0.17994,0.0097865,0.27328,0,0,0,0,0,0,0,0,0,0,0,0,0,0.25248,0.20611,0.1418,0.06525,0.0097648,0,0,0,0,0,0
0,0,0,0,0,0.039287,0.069882,0.091088,0.095177,0,0,0,0,0,0,0,0,0,0,0,0.22174,0.39108,0.45766,0.49606,0.52656,0.5974,0.29499,0.46806,0.60481,0.58626,0.718,0.85097,0.8583,0.89853,1.0313,0.80854,0.16497,0.66617,0.93263,1.139,0,0,0,0,0,0,0,0,0,0,0,0,0,0,0,0,0,0,0,0,0,0,0,0,0,0,0,0,0,0,0,0,0,0,0,0,0,0,0,0,0,0.80148,1.0805,0,0,0.72954,0.48407,0.31601,0.089574,0.40632,1.4241,1.4262,1.2065,0.66597,0.59707,0.80456,0,0,1.1186,0.70724,0.38811,0.14817,0.0024962,0,0,0,0,0,0,0,0,0,0,0,0,0,0,0.27369,0.19721,0.13628,0.068141,0.025802,0,0,0,0,0,0
0,0,0,0,0,0.02701,0.044587,0.061105,0.067991,0,0,0,0,0,0,0,0,0,0,0,0,0,0,0.26576,0.23144,0.40695,0.46508,0.24156,0.94798,1.0649,1.0776,1.0533,0.59061,0.65099,0.72901,0.081278,0.47865,0.74142,0.95844,1.1694,0,0,0,0,0,0,0,0,0,0,0,0,0,0,0,0,0,0,0,0,0,0,0,0,0,0,0,0,0,0,0,0,0,0,0,0,0,0,0,0,0,0.46377,0.78927,0,0,0.91362,0.4997,0.32916,0.25457,0.67334,0,0,0,0,0,0,0,0,0.77849,0.48571,0.33132,0,0,0,0,0,0,0,0,0,0,0,0,0,0,0,0,0,0.17509,0.14125,0.092617,0.038924,0,0,0,0,0,0
0,0,0,0,0,0.033956,0.039169,0.04266,0.040024,0,0,0,0,0,0,0,0,0,0,0,0,0,0,0,0.17118,0.1769,0.48069,0.27077,0,0,0,0,0,0,0,0.51129,0.68937,0.80702,0.90502,0.94643,0,0,0,0,0,0,0,0,0,0,0,0,0,0,0,0,0,0,0,0,0,0,0,0,0,0,0,0,0,0,0,0,0,0,0,0,0,0,0,0,0,0,0.54963,0.80935,1.0376,1.4513,0.93569,0.50598,0.3387,0.40884,0,0,0,0,0,0,0,0,0.46704,0.323,0.40578,0,0,0,0,0,0,0,0,0,0,0,0,0,0,0,0,0,0.19111,0.13999,0.096543,0.046601,0.0085855,0,0,0,0,0
0,0,0,0,0.032287,0.049587,0.057699,0.058391,0.045577,0,0,0,0,0,0,0,0,0,0,0,0,0,0,0,0,0.18147,0.34534,0.01933,0,0,0,0,0,0,0,0.51941,0.7332,0.80142,0.72078,0.52229,0,0,0,0,0,0,0,0,0,0,0,0,0,0,0,0,0,0,0,0,0,0,0,0,0,0,0,0,0,0,0,0,0,0,0,0,0,0,0,0,0,0,0,0.67559,0.8307,1.0546,1.3288,0.75517,0.42725,0,0,0,0,0,0,0,0,0,0.24929,0,0,0,0,0,0,0,0,0,0,0,0,0,0,0,0,0,0,0,0.24199,0.15225,0.10508,0.057445,0.021271,0,0,0,0,0
0,0,0,0,0.042523,0.063673,0.08211,0.095787,0,0,0,0,0,0,0,0,0,0,0,0,0,0,0,0,0,0,0,0.64943,0,0,0,0,0,0,0,0.23697,0.58055,0.64881,0,0,0,0,0,0,0,0,0,0,0,0,0,0,0,0,0,0,0,0,0,0,0,0,0,0,0,0,0,0,0,0,0,0,0,0,0,0,0,0,0,0,0,0,0,0,0,0,0,0,0,0,0,0,0,0,0,0,0,0,0,0,0,0,0,0,0,0,0,0,0,0,0,0,0,0,0,0,0,0,0,0.17884,0.11995,0.078991,0.032209,0.0068928,0,0,0,0
0,0,0,0,0.06664,0.083831,0.10262,0.12827,0,0,0,0,0,0,0,0,0,0,0,0,0,0,0,0,0,0,0,0,0,0,0,0,0,0,0,0,0,0,0,0,0,0,0,0,0,0,0,0,0,0,0,0,0,0,0,0,0,0,0,0,0,0,0,0,0,0,0,0,0,0,0,0,0,0,0,0,0,0,0,0,0,0,0,0,0,0,0,0,0,0,0,0,0,0,0,0,0,0,0,0,0,0,0,0,0,0,0,0,0,0,0,0,0,0,0,0,0,0,0,0.26056,0.14537,0.092119,0.045135,0.018148,0,0,0,0
0,0,0,0.059315,0.093419,0.11438,0.13104,0.1597,0,0,0,0,0,0,0,0,0,0,0,0,0,0,0,0,0,0,0,0,0,0,0,0,0,0,0,0,0,0,0,0,0,0,0,0,0,0,0,0,0,0,0,0,0,0,0,0,0,0,0,0,0,0,0,0,0,0,0,0,0,0,0,0,0,0,0,0,0,0,0,0,0,0,0,0,0,0,0,0,0,0,0,0,0,0,0,0,0,0,0,0,0,0,0,0,0,0,0,0,0,0,0,0,0,0,0,0,0,0,0,0,0.16021,0.095703,0.060203,0.028648,0,0,0,0
0,0,0,0.057304,0.10475,0.14187,0.17113,0,0,0,0,0,0,0,0,0,0,0,0,0,0,0,0,0,0,0,0,0,0,0,0,0,0,0,0,0,0,0,0,0,0,0,0,0,0,0,0,0,0,0,0,0,0,0,0,0,0,0,0,0,0,0,0,0,0,0,0,0,0,0,0,0,0,0,0,0,0,0,0,0,0,0,0,0,0,0,0,0,0,0,0,0,0,0,0,0,0,0,0,0,0,0,0,0,0,0,0,0,0,0,0,0,0,0,0,0,0,0,0,0,0.18342,0.11224,0.073946,0.037168,0,0,0,0
0,0,0,0.066763,0.10714,0.14855,0.18953,0,0,0,0,0,0,0,0,0,0,0,0,0,0,0,0,0,0,0,0,0,0,0,0,0,0,0,0,0,0,0,0,0,0,0,0,0,0,0,0,0,0,0,0,0,0,0,0,0,0,0,0,0,0,0,0,0,0,0,0,0,0,0,0,0,0,0,0,0,0,0,0,0,0,0,0,0,0,0,0,0,0,0,0,0,0,0,0,0,0,0,0,0,0,0,0,0,0,0,0,0,0,0,0,0,0,0,0,0,0,0,0,0,0.25443,0.13678,0.088566,0.051968,0.022137,0,0,0
0,0,0,0.10923,0.13824,0.16946,0.20217,0,0,0,0,0,0,0,0,0,0,0,0,0,0,0,0,0,0,0,0,0,0,0,0,0,0,0,0,0,0,0,0,0,0,0,0,0,0,0,0,0,0,0,0,0,0,0,0,0,0,0,0,0,0,0,0,0,0,0,0,0,0,0,0,0,0,0,0,0,0,0,0,0,0,0,0,0,0,0,0,0,0,0,0,0,0,0,0,0,0,0,0,0,0,0,0,0,0,0,0,0,0,0,0,0,0,0,0,0,0,0,0,0,0,0.15874,0.108,0.071316,0.033909,0,0,0
0,0,0.096477,0.15398,0.19238,0.22282,0,0,0,0,0,0,0,0,0,0,0,0,0,0,0,0,0,0,0,0,0,0,0,0,0,0,0,0,0,0,0,0,0,0,0,0,0,0,0,0,0,0,0,0,0,0,0,0,0,0,0,0,0,0,0,0,0,0,0,0,0,0,0,0,0,0,0,0,0,0,0,0,0,0,0,0,0,0,0,0,0,0,0,0,0,0,0,0,0,0,0,0,0,0,0,0,0,0,0,0,0,0,0,0,0,0,0,0,0,0,0,0,0,0,0,0.17455,0.12346,0.082195,0.037474,0.004635,0,0
0,0,0.11627,0.18223,0.24287,0.29833,0,0,0,0,0,0,0,0,0,0,0,0,0,0,0,0,0,0,0,0,0,0,0,0,0,0,0,0,0,0,0,0,0,0,0,0,0,0,0,0,0,0,0,0,0,0,0,0,0,0,0,0,0,0,0,0,0,0,0,0,0,0,0,0,0,0,0,0,0,0,0,0,0,0,0,0,0,0,0,0,0,0,0,0,0,0,0,0,0,0,0,0,0,0,0,0,0,0,0,0,0,0,0,0,0,0,0,0,0,0,0,0,0,0,0,0.20351,0.12236,0.074915,0.036696,0.011387,0,0
0,0,0.1704,0.22287,0.28173,0.35915,0,0,0,0,0,0,0,0,0,0,0,0,0,0,0,0,0,0,0,0,0,0,0,0,0,0,0,0,0,0,0,0,0,0,0,0,0,0,0,0,0,0,0,0,0,0,0,0,0,0,0,0,0,0,0,0,0,0,0,0,0,0,0,0,0,0,0,0,0,0,0,0,0,0,0,0,0,0,0,0,0,0,0,0,0,0,0,0,0,0,0,0,0,0,0,0,0,0,0,0,0,0,0,0,0,0,0,0,0,0,0,0,0,0,0,0,0.11173,0.061381,0.029251,0.0070515,0,0
0,0.1476,0.23524,0.29508,0.35138,0,0,0,0,0,0,0,0,0,0,0,0,0,0,0,0,0,0,0,0,0,0,0,0,0,0,0,0,0,0,0,0,0,0,0,0,0,0,0,0,0,0,0,0,0,0,0,0,0,0,0,0,0,0,0,0,0,0,0,0,0,0,0,0,0,0,0,0,0,0,0,0,0,0,0,0,0,0,0,0,0,0,0,0,0,0,0,0,0,0,0,0,0,0,0,0,0,0,0,0,0,0,0,0,0,0,0,0,0,0,0,0,0,0,0,0,0,0.11393,0.03062,0.00093034,0.007499,0.0057036,0
0,0.14125,0.25986,0.35992,0.4599,0,0,0,0,0,0,0,0,0,0,0,0,0,0,0,0,0,0,0,0,0,0,0,0,0,0,0,0,0,0,0,0,0,0,0,0,0,0,0,0,0,0,0,0,0,0,0,0,0,0,0,0,0,0,0,0,0,0,0,0,0,0,0,0,0,0,0,0,0,0,0,0,0,0,0,0,0,0,0,0,0,0,0,0,0,0,0,0,0,0,0,0,0,0,0,0,0,0,0,0,0,0,0,0,0,0,0,0,0,0,0,0,0,0,0,0,0,0,0.01413,0.024494,0.018662,0.0091985,0
0,0.13826,0.23935,0.35292,0.50209,0,0,0,0,0,0,0,0,0,0,0,0,0,0,0,0,0,0,0,0,0,0,0,0,0,0,0,0,0,0,0,0,0,0,0,0,0,0,0,0,0,0,0,0,0,0,0,0,0,0,0,0,0,0,0,0,0,0,0,0,0,0,0,0,0,0,0,0,0,0,0,0,0,0,0,0,0,0,0,0,0,0,0,0,0,0,0,0,0,0,0,0,0,0,0,0,0,0,0,0,0,0,0,0,0,0,0,0,0,0,0,0,0,0,0,0,0,0,0.034831,0.04083,0.03382,0.021707,0
0,0.18534,0.25547,0.34857,0.50591,0,0,0,0,0,0,0,0,0,0,0,0,0,0,0,0,0,0,0,0,0,0,0,0,0,0,0,0,0,0,0,0,0,0,0,0,0,0,0,0,0,0,0,0,0,0,0,0,0,0,0,0,0,0,0,0,0,0,0,0,0,0,0,0,0,0,0,0,0,0,0,0,0,0,0,0,0,0,0,0,0,0,0,0,0,0,0,0,0,0,0,0,0,0,0,0,0,0,0,0,0,0,0,0,0,0,0,0,0,0,0,0,0,0,0,0,0,0,0,0.080055,0.073557,0.050398,0.023467
0.1401,0.23537,0.31149,0.39881,0,0,0,0,0,0,0,0,0,0,0,0,0,0,0,0,0,0,0,0,0,0,0,0,0,0,0,0,0,0,0,0,0,0,0,0,0,0,0,0,0,0,0,0,0,0,0,0,0,0,0,0,0,0,0,0,0,0,0,0,0,0,0,0,0,0,0,0,0,0,0,0,0,0,0,0,0,0,0,0,0,0,0,0,0,0,0,0,0,0,0,0,0,0,0,0,0,0,0,0,0,0,0,0,0,0,0,0,0,0,0,0,0,0,0,0,0,0,0,0,0.13603,0.11388,0.077619,0.037068
0.14978,0.24896,0.3542,0.48602,0,0,0,0,0,0,0,0,0,0,0,0,0,0,0,0,0,0,0,0,0,0,0,0,0,0,0,0,0,0,0,0,0,0,0,0,0,0,0,0,0,0,0,0,0,0,0,0,0,0,0,0,0,0,0,0,0,0,0,0,0,0,0,0,0,0,0,0,0,0,0,0,0,0,0,0,0,0,0,0,0,0,0,0,0,0,0,0,0,0,0,0,0,0,0,0,0,0,0,0,0,0,0,0,0,0,0,0,0,0,0,0,0,0,0,0,0,0,0,0,0.16508,0.14623,0.10957,0.06202
0.19821,0.26989,0.36605,0.53704,0,0,0,0,0,0,0,0,0,0,0,0,0,0,0,0,0,0,0,0,0,0,0,0,0,0,0,0,0,0,0,0,0,0,0,0,0,0,0,0,0,0,0,0,0,0,0,0,0,0,0,0,0,0,0,0,0,0,0,0,0,0,0,0,0,0,0,0,0,0,0,0,0,0,0,0,0,0,0,0,0,0,0,0,0,0,0,0,0,0,0,0,0,0,0,0,0,0,0,0,0,0,0,0,0,0,0,0,0,0,0,0,0,0,0,0,0,0,0,0,0,0.2037,0.1745,0.12622
0.2639,0.3345,0.40984,0,0,0,0,0,0,0,0,0,0,0,0,0,0,0,0,0,0,0,0,0,0,0,0,0,0,0,0,0,0,0,0,0,0,0,0,0,0,0,0,0,0,0,0,0,0,0,0,0,0,0,0,0,0,0,0,0,0,0,0,0,0,0,0,0,0,0,0,0,0,0,0,0,0,0,0,0,0,0,0,0,0,0,0,0,0,0,0,0,0,0,0,0,0,0,0,0,0,0,0,0,0,0,0,0,0,0,0,0,0,0,0,0,0,0,0,0,0,0,0,0,0,0.28443,0.23312,0.18138
0.30418,0.4129,0.50501,0,0,0,0,0,0,0,0,0,0,0,0,0,0,0,0,0,0,0,0,0,0,0,0,0,0,0,0,0,0,0,0,0,0,0,0,0,0,0,0,0,0,0,0,0,0,0,0,0,0,0,0,0,0,0,0,0,0,0,0,0,0,0,0,0,0,0,0,0,0,0,0,0,0,0,0,0,0,0,0,0,0,0,0,0,0,0,0,0,0,0,0,0,0,0,0,0,0,0,0,0,0,0,0,0,0,0,0,0,0,0,0,0,0,0,0,0,0,0,0,0,0,0.30531,0.22185,0.17686
0.30694,0.4418,0.55975,0,0,0,0,0,0,0,0,0,0,0,0,0,0,0,0,0,0,0,0,0,0,0,0,0,0,0,0,0,0,0,0,0,0,0,0,0,0,0,0,0,0,0,0,0,0,0,0,0,0,0,0,0,0,0,0,0,0,0,0,0,0,0,0,0,0,0,0,0,0,0,0,0,0,0,0,0,0,0,0,0,0,0,0,0,0,0,0,0,0,0,0,0,0,0,0,0,0,0,0,0,0,0,0,0,0,0,0,0,0,0,0,0,0,0,0,0,0,0,0,0,0,0.30587,0.21277,0.14037
0.31646,0.45723,0.57531,0,0,0,0,0,0,0,0,0,0,0,0,0,0,0,0,0,0,0,0,0,0,0,0,0,0,0,0,0,0,0,0,0,0,0,0,0,0,0,0,0,0,0,0,0,0,0,0,0,0,0,0,0,0,0,0,0,0,0,0,0,0,0,0,0,0,0,0,0,0,0,0,0,0,0,0,0,0,0,0,0,0,0,0,0,0,0,0,0,0,0,0,0,0,0,0,0,0,0,0,0,0,0,0,0,0,0,0,0,0,0,0,0,0,0,0,0,0,0,0,0,0,0.31361,0.23349,0.15351
0.3426,0.49481,0.6249,0,0,0,0,0,0,0,0,0,0,0,0,0,0,0,0,0,0,0,0,0,0,0,0,0,0,0,0,0,0,0,0,0,0,0,0,0,0,0,0,0,0,0,0,0,0,0,0,0,0,0,0,0,0,0,0,0,0,0,0,0,0,0,0,0,0,0,0,0,0,0,0,0,0,0,0,0,0,0,0,0,0,0,0,0,0,0,0,0,0,0,0,0,0,0,0,0,0,0,0,0,0,0,0,0,0,0,0,0,0,0,0,0,0,0,0,0,0,0,0,0,0,0.3046,0.24255,0.16714
0.37694,0.54731,0.70119,0,0,0,0,0,0,0,0,0,0,0,0,0,0,0,0,0,0,0,0,0,0,0,0,0,0,0,0,0,0,0,0,0,0,0,0,0,0,0,0,0,0,0,0,0,0,0,0,0,0,0,0,0,0,0,0,0,0,0,0,0,0,0,0,0,0,0,0,0,0,0,0,0,0,0,0,0,0,0,0,0,0,0,0,0,0,0,0,0,0,0,0,0,0,0,0,0,0,0,0,0,0,0,0,0,0,0,0,0,0,0,0,0,0,0,0,0,0,0,0,0,0,0.26761,0.21629,0.15113
0.41739,0.60808,0.78493,0,0,0,0,0,0,0,0,0,0,0,0,0,0,0,0,0,0,0,0,0,0,0,0,0,0,0,0,0,0,0,0,0,0,0,0,0,0,0,0,0,0,0,0,0,0,0,0,0,0,0,0,0,0,0,0,0,0,0,0,0,0,0,0,0,0,0,0,0,0,0,0,0,0,0,0,0,0,0,0,0,0,0,0,0,0,0,0,0,0,0,0,0,0,0,0,0,0,0,0,0,0,0,0,0,0,0,0,0,0,0,0,0,0,0,0,0,0,0,0,0,0,0.20092,0.16332,0.11457
0.43981,0.64557,0.8387,0,0,0,0,0,0,0,0,0,0,0,0,0,0,0,0,0,0,0,0,0,0,0,0,0,0,0,0,0,0,0,0,0,0,0,0,0,0,0,0,0,0,0,0,0,0,0,0,0,0,0,0,0,0,0,0,0,0,0,0,0,0,0,0,0,0,0,0,0,0,0,0,0,0,0,0,0,0,0,0,0,0,0,0,0,0,0,0,0,0,0,0,0,0,0,0,0,0,0,0,0,0,0,0,0,0,0,0,0,0,0,0,0,0,0,0,0,0,0,0,0,0,0.10793,0.090823,0.064942
0.40532,0.61531,0.81033,0,0,0,0,0,0,0,0,0,0,0,0,0,0,0,0,0,0,0,0,0,0,0,0,0,0,0,0,0,0,0,0,0,0,0,0,0,0,0,0,0,0,0,0,0,0,0,0,0,0,0,0,0,0,0,0,0,0,0,0,0,0,0,0,0,0,0,0,0,0,0,0,0,0,0,0,0,0,0,0,0,0,0,0,0,0,0,0,0,0,0,0,0,0,0,0,0,0,0,0,0,0,0,0,0,0,0,0,0,0,0,0,0,0,0,0,0,0,0,0,0,0,0.0021231,0.0080158,0.0081517
0.31079,0.50464,0.66216,0,0,0,0,0,0,0,0,0,0,0,0,0,0,0,0,0,0,0,0,0,0,0,0,0,0,0,0,0,0,0,0,0,0,0,0,0,0,0,0,0,0,0,0,0,0,0,0,0,0,0,0,0,0,0,0,0,0,0,0,0,0,0,0,0,0,0,0,0,0,0,0,0,0,0,0,0,0,0,0,0,0,0,0,0,0,0,0,0,0,0,0,0,0,0,0,0,0,0,0,0,0,0,0,0,0,0,0,0,0,0,0,0,0,0,0,0,0,0,0,0,0,0.054494,0.048462,0.036611
0.20636,0.38847,0.53491,0.64351,0,0,0,0,0,0,0,0,0,0,0,0,0,0,0,0,0,0,0,0,0,0,0,0,0,0,0,0,0,0,0,0,0,0,0,0,0,0,0,0,0,0,0,0,0,0,0,0,0,0,0,0,0,0,0,0,0,0,0,0,0,0,0,0,0,0,0,0,0,0,0,0,0,0,0,0,0,0,0,0,0,0,0,0,0,0,0,0,0,0,0,0,0,0,0,0,0,0,0,0,0,0,0,0,0,0,0,0,0,0,0,0,0,0,0,0,0,0,0,0,0,0.024343,0.040966,0.043511
0.17193,0.34239,0.48718,0.6069,0,0,0,0,0,0,0,0,0,0,0,0,0,0,0,0,0,0,0,0,0,0,0,0,0,0,0,0,0,0,0,0,0,0,0,0,0,0,0,0,0,0,0,0,0,0,0,0,0,0,0,0,0,0,0,0,0,0,0,0,0,0,0,0,0,0,0,0,0,0,0,0,0,0,0,0,0,0,0,0,0,0,0,0,0,0,0,0,0,0,0,0,0,0,0,0,0,0,0,0,0,0,0,0,0,0,0,0,0,0,0,0,0,0,0,0,0,0,0,0,0.039578,0.013896,0.0093193,0.024104
0.16638,0.32771,0.4741,0.60252,0,0,0,0,0,0,0,0,0,0,0,0,0,0,0,0,0,0,0,0,0,0,0,0,0,0,0,0,0,0,0,0,0,0,0,0,0,0,0,0,0,0,0,0,0,0,0,0,0,0,0,0,0,0,0,0,0,0,0,0,0,0,0,0,0,0,0,0,0,0,0,0,0,0,0,0,0,0,0,0,0,0,0,0,0,0,0,0,0,0,0,0,0,0,0,0,0,0,0,0,0,0,0,0,0,0,0,0,0,0,0,0,0,0,0,0,0,0,0,0,0.0029692,0.0078741,0.0021533,0.0054124
0.16876,0.33412,0.48548,0.6183,0,0,0,0,0,0,0,0,0,0,0,0,0,0,0,0,0,0,0,0,0,0,0,0,0,0,0,0,0,0,0,0,0,0,0,0,0,0,0,0,0,0,0,0,0,0,0,0,0,0,0,0,0,0,0,0,0,0,0,0,0,0,0,0,0,0,0,0,0,0,0,0,0,0,0,0,0,0,0,0,0,0,0,0,0,0,0,0,0,0,0,0,0,0,0,0,0,0,0,0,0,0,0,0,0,0,0,0,0,0,0,0,0,0,0,0,0,0,0,0,0.084175,0.054747,0.034262,0.016327
0.16794,0.33491,0.49008,0.6306,0,0,0,0,0,0,0,0,0,0,0,0,0,0,0,0,0,0,0,0,0,0,0,0,0,0,0,0,0,0,0,0,0,0,0,0,0,0,0,0,0,0,0,0,0,0,0,0,0,0,0,0,0,0,0,0,0,0,0,0,0,0,0,0,0,0,0,0,0,0,0,0,0,0,0,0,0,0,0,0,0,0,0,0,0,0,0,0,0,0,0,0,0,0,0,0,0,0,0,0,0,0,0,0,0,0,0,0,0,0,0,0,0,0,0,0,0,0,0,0,0.17151,0.12511,0.082916,0.041108
0.14237,0.29839,0.45869,0.62095,0,0,0,0,0,0,0,0,0,0,0,0,0,0,0,0,0,0,0,0,0,0,0,0,0,0,0,0,0,0,0,0,0,0,0,0,0,0,0,0,0,0,0,0,0,0,0,0,0,0,0,0,0,0,0,0,0,0,0,0,0,0,0,0,0,0,0,0.38226,0.37457,0,0,0,0,0,0,0,0,0,0,0,0,0,0,0,0,0,0,0,0,0,0,0,0,0,0,0,0,0,0,0,0,0,0,0,0,0,0,0,0,0,0,0,0,0,0,0,0,0,0,0,0.23953,0.18139,0.12198,0.060961
0.094303,0.23417,0.41534,0.60901,0,0,0,0,0,0,0,0,0,0,0,0,0,0,0,0,0,0,0,0,0,0,0,0,0,0,0,0,0,0,0,0,0,0,0,0,0,0,0,0,0,0,0,0,0,0,0,0,0,0,0,0,0,0,0,0,0,0,0,0,0,0,0,0,0,0.6871,0.41671,0.31459,0.40523,0,0,0,0,0,0,0,0,0,0,0,0,0,0,0,0,0,0,0,0,0,0,0,0,0,0,0,0,0,0,0,0,0,0,0,0,0,0,0,0,0,0,0,0,0,0,0,0,0,0,0,0.30633,0.23812,0.16195,0.081468
0,0.19455,0.41244,0.6049,0.75931,0,0,0,0,0,0,0,0,0,0,0,0,0,0,0,0,0,0,0,0,0,0,0,0,0,0,0,0,0,0,0,0,0,0,0,0,0,0,0,0,0,0,0,0,0,0,0,0,0,0,0,0,0,0,0,0,0,0,0,0,0,0,0,0,0.49307,0.37248,0.48178,0,0,0,0,0,0,0,0,0,0,0,0,0,0,0,0,0,0,0,0,0,0,0,0,0,0,0,0,0,0,0,0,0,0,0,0,0,0,0,0,0,0,0,0,0,0,0,0,0,0,0,0,0.37669,0.29779,0.20394,0.10292
0,0.20552,0.41768,0.60602,0.77712,0,0,0,0,0,0,0,0,0,0,0,0,0,0,0,0,0,0,0,0,0,0,0,0,0,0,0,0,0,0,0,0,0,0,0,0,0,0,0,0,0,0,0,0,0,0,0,0,0,0,0,0,0,0,0,0,0,0,0,0,0,0,0,0,0,0,0,0,0,0,0,0,0,0,0,0,0,0,0,0,0,0,0,0,0,0,0,0,0,0,0,0,0,0,0,0,0,0,0,0,0,0,0,0,0,0,0,0,0,0,0,0,0,0,0,0,0,0,0,0.45479,0.36605,0.2539,0.12955
0,0.21472,0.42815,0.63373,0.83994,0,0,0,0,0,0,0,0,0,0,0,0,0,0,0,0,0,0,0,0,0,0,0,0,0,0,0,0,0,0,0,0,0,0,0,0,0,0,0,0,0,0,0,0,0,0,0,0,0,0,0,0,0,0,0,0,0,0,0,0,0,0,0,0,0,0,0,0,0,0,0,0,0,0,0,0,0,0,0,0,0,0,0,0,0,0,0,0,0,0,0,0,0,0,0,0,0,0,0,0,0,0,0,0,0,0,0,0,0,0,0,0,0,0,0,0,0,0,0,0.4617,0.39578,0.29374,0.16032
0,0.22983,0.45847,0.67814,0.89329,0,0,0,0,0,0,0,0,0,0,0,0,0,0,0,0,0,0,0,0,0,0,0,0,0,0,0,0,0,0,0,0,0,0,0,0,0,0,0,0,0,0,0,0,0,0,0,0,0,0,0,0,0,0,0,0,0,0,0,0,0,0,0,0,0,0,0,0,0,0,0,0,0,0,0,0,0,0,0,0,0,0,0,0,0,0,0,0,0,0,0,0,0,0,0,0,0,0,0,0,0,0,0,0,0,0,0,0,0,0,0,0,0,0,0,0,0,0,0,0.37083,0.32898,0.26754,0.1679
0,0.2339,0.46564,0.6839,0.88295,0,0,0,0,0,0,0,0,0,0,0,0,0,0,0,0,0,0,0,0,0,0,0,0,0,0,0,0,0,0,0,0,0,0,0,0,0,0,0,0,0,0,0,0,0,0,0,0,0,0,0,0,0,0,0,0,0,0,0,0,0,0,0,0,0,0,0,0,0,0,0,0,0,0,0,0,0,0,0,0,0,0,0,0,0,0,0,0,0,0,0,0,0,0,0,0,0,0,0,0,0,0,0,0,0,0,0,0,0,0,0,0,0,0,0,0,0,0,0.37684,0.30758,0.24882,0.1953,0
0,0.19933,0.41371,0.62751,0.81556,0,0,0,0,0,0,0,0,0,0,0,0,0,0,0,0,0,0,0,0,0,0,0,0,0,0,0,0,0,0,0,0,0,0,0,0,0,0,0,0,0,0,0,0,0,0,0,0,0,0,0,0,0,0,0,0,0,0,0,0,0,0,0,0,0,0,0,0,0,0,0,0,0,0,0,0,0,0,0,0,0,0,0,0,0,0,0,0,0,0,0,0,0,0,0,0,0,0,0,0,0,0,0,0,0,0,0,0,0,0,0,0,0,0,0,0,0,0,0.38608,0.29697,0.20896,0.12751,0
0,0.13388,0.32407,0.55622,0.7712,0,0,0,0,0,0,0,0,0,0,0,0,0,0,0,0,0,0,0,0,0,0,0,0,0,0,0,0,0,0,0,0,0,0,0,0,0,0,0,0,0,0,0,0,0,0,0,0,0,0,0,0,0,0,0,0,0,0,0,0,0,0,0,0,0,0,0,0,0,0,0,0,0,0,0,0,0,0,0,0,0,0,0,0,0,0,0,0,0,0,0,0,0,0,0,0,0,0,0,0,0,0,0,0,0,0,0,0,0,0,0,0,0,0,0,0,0,0,0.39849,0.31483,0.2168,0.11006,0
0,0,0.27112,0.55842,0.79782,0.95389,0,0,0,0,0,0,0,0,0,0,0,0,0,0,0,0,0,0,0,0,0,0,0,0,0,0,0,0,0,0,0,0,0,0,0,0,0,0,0,0,0,0,0,0,0,0,0,0,0,0,0,0,0,0,0,0,0,0,0,0,0,0,0,0,0,0,0,0,0,0,0,0,0,0,0,0,0,0,0,0,0,0,0,0,0,0,0,0,0,0,0,0,0,0,0,0,0,0,0,0,0,0,0,0,0,0,0,0,0,0,0,0,0,0,0,0,0,0.35726,0.30073,0.22281,0.12204,0
0,0,0.27155,0.54596,0.7805,0.96517,0,0,0,0,0,0,0,0,0,0,0,0,0,0,0,0,0,0,0,0,0,0,0,0,0,0,0,0,0,0,0,0,0,0,0,0,0,0,0,0,0,0,0,0,0,0,0,0,0,0,0,0,0,0,0,0,0,0,0,0,0,0,0,0,0,0,0,0,0,0,0,0,0,0,0,0,0,0,0,0,0,0,0,0,0,0,0,0,0,0,0,0,0,0,0,0,0,0,0,0,0,0,0,0,0,0,0,0,0,0,0,0,0,0,0,0,0,0.29161,0.24225,0.18962,0.11629,0
0,0,0.22563,0.46432,0.69495,0.88256,0,0,0,0,0,0,0,0,0,0,0,0,0,0,0,0,0,0,0,0,0,0,0,0,0,0,0,0,0,0,0,0,0,0,0,0,0,0,0,0,0,0,0,0,0,0,0,0,0,0,0,0,0,0,0,0,0,0,0,0,0,0,0,0,0,0,0,0,0,0,0,0,0,0,0,0,0,0,0,0,0,0,0,0,0,0,0,0,0,0,0,0,0,0,0,0,0,0,0,0,0,0,0,0,0,0,0,0,0,0,0,0,0,0,0,0,0.37483,0.27615,0.20292,0.14423,0,0
0,0,0.14764,0.33866,0.54173,0.68316,0,0,0,0,0,0,0,0,0,0,0,0,0,0,0,0,0,0,0,0,0,0,0,0,0,0,0,0,0,0,0,0,0,0,0,0,0,0,0,0,0,0,0,0,0,0,0,0,0,0,0,0,0,0,0,0,0,0,0,0,0,0,0,0,0,0,0,0,0,0,0,0,0,0,0,0,0,0,0,0,0,0,0,0,0,0,0,0,0,0,0,0,0,0,0,0,0,0,0,0,0,0,0,0,0,0,0,0,0,0,0,0,0,0,0,0,0.3985,0.29835,0.20159,0.11315,0,0
0,0,0,0.21293,0.39667,0.53444,0.60576,0,0,0,0,0,0,0,0,0,0,0,0,0,0,0,0,0,0,0,0,0,0,0,0,0,0,0,0,0,0,0,0,0,0,0,0,0,0,0,0,0,0,0,0,0,0,0,0,0,0,0,0,0,0,0,0,0,0,0,0,0,0,0,0,0,0,0,0,0,0,0,0,0,0,0,0,0,0,0,0,0,0,0,0,0,0,0,0,0,0,0,0,0,0,0,0,0,0,0,0,0,0,0,0,0,0,0,0,0,0,0,0,0,0,0,0.40217,0.31627,0.21754,0.11077,0,0
0,0,0,0.16205,0.3241,0.45703,0.54738,0,0,0,0,0,0,0,0,0,0,0,0,0,0,0,0,0,0,0,0,0,0,0,0,0,0,0,0,0,0,0,0,0,0,0,0,0,0,0,0,0,0,0,0,0,0,0,0,0,0,0,0,0,0,0,0,0,0,0,0,0,0,0,0,0,0,0,0,0,0,0,0,0,0,0,0,0,0,0,0,0,0,0,0,0,0,0,0,0,0,0,0,0,0,0,0,0,0,0,0,0,0,0,0,0,0,0,0,0,0,0,0,0,0,0,0.35998,0.29751,0.2183,0.11927,0,0
0,0,0,0.12573,0.25783,0.38267,0.47781,0,0,0,0,0,0,0,0,0,0,0,0,0,0,0,0,0,0,0,0,0,0,0,0,0,0,0,0,0,0,0,0,0,0,0,0,0,0,0,0,0,0,0,0,0,0,0,0,0,0,0,0,0,0,0,0,0,0,0,0,0,0,0,0,0,0,0,0,0,0,0,0,0,0,0,0,0,0,0,0,0,0,0,0,0,0,0,0,0,0,0,0,0,0,0,0,0,0,0,0,0,0,0,0,0,0,0,0,0,0,0,0,0,0,0,0.30438,0.2457,0.18841,0.1142,0,0
0,0,0,0.078773,0.18598,0.30691,0.39806,0,0,0,0,0,0,0,0,0,0,0,0,0,0,0,0,0,0,0,0,0,0,0,0,0,0,0,0,0,0,0,0,0,0,0,0,0,0,0,0,0,0,0,0,0,0,0,0,0,0,0,0,0,0,0,0,0,0,0,0,0,0,0,0,0,0,0,0,0,0,0,0,0,0,0,0,0,0,0,0,0,0,0,0,0,0,0,0,0,0,0,0,0,0,0,0,0,0,0,0,0,0,0,0,0,0,0,0,0,0,0,0,0,0,0.3801,0.27887,0.20332,0.14358,0,0,0
0,0,0,0,0.12774,0.24748,0.33476,0.37513,0,0,0,0,0,0,0,0,0,0,0,0,0,0,0,0,0,0,0,0,0,0,0,0,0,0,0,0,0,0,0,0,0,0,0,0,0,0,0,0,0,0,0,0,0,0,0,0,0,0,0,0,0,0,0,0,0,0,0,0,0,0,0,0,0,0,0,0,0,0,0,0,0,0,0,0,0,0,0,0,0,0,0,0,0,0,0,0,0,0,0,0,0,0,0,0,0,0,0,0,0,0,0,0,0,0,0,0,0,0,0,0,0,0.34836,0.26136,0.17778,0.10213,0,0,0
0,0,0,0,0.10507,0.21066,0.29957,0.37842,0,0,0,0,0,0,0,0,0,0,0,0,0,0,0,0,0,0,0,0,0,0,0,0,0,0,0,0,0,0,0,0,0,0,0,0,0,0,0,0,0,0,0,0,0,0,0,0,0,0,0,0,0,0,0,0,0,0,0,0,0,0,0,0,0,0,0,0,0,0,0,0,0,0,0,0,0,0,0,0,0,0,0,0,0,0,0,0,0,0,0,0,0,0,0,0,0,0,0,0,0,0,0,0,0,0,0,0,0,0,0,0,0,0.24854,0.21748,0.16118,0.087372,0,0,0
0,0,0,0,0.087679,0.18842,0.30573,0.46651,0,0,0,0,0,0,0,0,0,0,0,0,0,0,0,0,0,0,0,0,0,0,0,0,0,0,0,0,0,0,0,0,0,0,0,0,0,0,0,0,0,0,0,0,0,0,0,0,0,0,0,0,0,0,0,0,0,0,0,0,0,0,0,0,0,0,0,0,0,0,0,0,0,0,0,0,0,0,0,0,0,0,0,0,0,0,0,0,0,0,0,0,0,0,0,0,0,0,0,0,0,0,0,0,0,0,0,0,0,0,0,0,0,0.10695,0.13197,0.12569,0.086707,0,0,0
0,0,0,0,0.064227,0.1958,0.41654,0.71503,0,0,0,0,0,0,0,0,0,0,0,0,0,0,0,0,0,0,0,0,0,0,0,0,0,0,0,0,0,0,0,0,0,0,0,0,0,0,0,0,0,0,0,0,0,0,0,0,0,0,0,0,0,0,0,0,0,0,0,0,0,0,0,0,0,0,0,0,0,0,0,0,0,0,0,0,0,0,0,0,0,0,0,0,0,0,0,0,0,0,0,0,0,0,0,0,0,0,0,0,0,0,0,0,0,0,0,0,0,0,0,0,0.079856,0.0097039,0.038359,0.065337,0,0,0,0
0,0,0,0,0,0.23672,0.53057,0.80129,0.98501,0,0,0,0,0,0,0,0,0,0,0,0,0,0,0,0,0,0,0,0,0,0,0,0,0,0,0,0,0,0,0,0,0,0,0,0,0,0,0,0,0,0,0,0,0,0,0,0,0,0,0,0,0,0,0,0,0,0,0,0,0,0,0,0,0,0,0,0,0,0,0,0,0,0,0,0,0,0,0,0,0,0,0,0,0,0,0,0,0,0,0,0,0,0,0,0,0,0,0,0,0,0,0,0,0,0,0,0,0,0,0,0.12961,0.090259,0.045457,0.0040797,0,0,0,0
0,0,0,0,0,0.21364,0.45643,0.68958,0.87164,0,0,0,0,0,0,0,0,0,0,0,0,0,0,0,0,0,0,0,0,0,0,0,0,0,0,0,0,0,0,0,0,0,0,0,0,0,0,0,0,0,0,0,0,0,0,0,0,0,0,0,0,0,0,0,0,0,0,0,0,0,0,0,0,0,0,0,0,0,0,0,0,0,0,0,0,0,0,0,0,0,0,0,0,0,0,0,0,0,0,0,0,0,0,0,0,0,0,0,0,0,0,0,0,0,0,0,0,0,0,0,0.1509,0.12503,0.087527,0.04479,0,0,0,0
0,0,0,0,0,0.13218,0.32245,0.55628,0.77126,0,0,0,0,0,0,0,0,0,0,0,0,0,0,0,0,0,0,0,0,0,0,0,0,0,0,0,0,0,0,0,0,0,0,0,0,0,0,0,0,0,0,0,0,0,0,0,0,0,0,0,0,0,0,0,0,0,0,0,0,0,0,0,0,0,0,0,0,0,0,0,0,0,0,0,0,0,0,0,0,0,0,0,0,0,0,0,0,0,0,0,0,0,0,0,0,0,0,0,0,0,0,0,0,0,0,0,0,0,0,0,0.16915,0.1408,0.1031,0.055723,0,0,0,0
0,0,0,0,0,0,0.23049,0.47203,0.67622,0.81245,0,0,0,0,0,0,0,0,0,0,0,0,0,0,0,0,0,0,0,0,0,0,0,0,0,0,0,0,0,0,0,0,0,0,0,0,0,0,0,0,0,0,0,0.59952,0.54988,0.46444,0.37599,0,0,0,0,0,0,0,0,0,0,0,0.69941,0.80639,0.82752,0.85153,0.97433,1.0564,1.0466,0.94501,0.60153,0,0,0,0,0,0,0,0,0,0,0,0,0,0,0,0,0,0,0,0,0,0,0,0,0,0,0,0,0,0,0,0,0,0,0,0,0,0,0,0,0,0,0,0.1609,0.13209,0.10213,0.061606,0,0,0,0
0,0,0,0,0,0,0.18021,0.36304,0.5239,0.66312,0,0,0,0,0,0,0,0,0,0,0,0,0,0,0,0,0,0,0,0,0,0,0,0,0,0,0,0,0,0,0,0,0,0,0,0,0,0,0,0,0.40047,0.57632,0.81037,0.91153,0.8533,0.72835,0.71077,0.75689,0.6681,0.54625,0.57517,0,0,0.85178,0.70613,0.65274,0.71621,0.92871,1.0611,1.0591,1.022,1.0311,1.1818,1.2242,1.1181,0.85995,0.35835,0.038033,0,0,0,0,0,0,0,0,0.15605,0,0,0,0,0,0,0,0,0,0,0,0,0,0,0,0,0,0,0,0,0,0,0,0,0,0,0,0,0,0,0,0,0.18894,0.14848,0.11327,0.082699,0,0,0,0,0
0,0,0,0,0,0,0.11123,0.22883,0.34583,0.45012,0,0,0,0,0,0,0,0,0,0,0,0,0,0,0,0,0,0,0,0,0,0,0,0,0,0,0,0,0,0,0,0,0,0,0,0,0,0.3902,0.59484,0.63781,0.57657,0.59906,0.77978,0.91302,0.83411,0.68172,0.89895,1.1381,1.0638,0.92627,0.95559,1.1471,1.3115,1.2861,1.1541,1.0548,1.0556,1.2101,1.2705,1.1144,0.78197,0.48636,0.75256,0.86058,0.52233,0.11456,0.71373,0.53566,0.12484,0,0,0,0,0,0,0.21865,0.2591,0.28932,0,0,0,0,0,0,0,0,0,0,0,0,0,0,0,0,0,0,0,0,0,0,0,0,0,0,0,0,0,0,0,0.16667,0.13769,0.10228,0.063294,0,0,0,0,0
0,0,0,0,0,0,0.048052,0.11651,0.19717,0.25849,0.22199,0,0,0,0,0,0,0,0,0,0,0,0,0,0,0,0,0,0,0,0,0,0,0,0,0,0,0,0,0,0,0.049908,0.075191,0,0,0,0.43568,0.44824,0.48157,0.46436,0.34005,0.23959,0.31389,0.40669,0.19975,0.042987,0.74663,1.3018,1.1681,0.95321,1.0263,1.3044,1.557,1.5706,1.4249,1.2732,1.1594,1.1437,1.0225,0.48177,0.39157,0.86397,0.51515,0.29458,0.59852,0.95955,2.2423,0.63681,0.3332,0.3415,0,0,0,0,0.2142,0.387,0.44101,0.47456,0,0,0,0,0,0,0,0,0,0,0,0,0,0,0,0,0,0,0,0,0,0,0,0,0,0,0,0,0,0,0,0.13392,0.11599,0.09241,0.057118,0,0,0,0,0
0,0,0,0,0,0,0,0.057957,0.14131,0.22753,0.2794,0,0,0,0,0,0,0,0,0,0,0,0,0,0,0,0,0,0,0,0,0,0,0,0,0,0,0,0,0,0.19187,0.15121,0.022042,0,0,0,0.52198,0.29453,0.15635,0.052452,0.11764,0.28941,0.38327,0.45565,0.66274,0.69595,0.1211,0.72331,0.38726,0.15073,0.38756,0.89016,1.341,1.3921,1.1319,0.73748,0.22493,0.14804,0.33117,0.70864,1.074,1.1684,1.0337,0.88067,0.91248,0.91742,0.74674,0.47184,0.29202,0,0,0,0,0,0.34601,0.55623,0.65294,0,0,0,0,0,0,0,0,0,0,0,0,0,0,0,0,0,0,0,0,0,0,0,0,0,0,0,0,0,0,0,0.12632,0.10903,0.090218,0.070997,0,0,0,0,0,0
0,0,0,0,0,0,0,0.04082,0.14335,0.2983,0.46395,0.52408,0,0,0,0,0,0,0,0,0,0,0,0,0,0,0,0,0,0,0,0,0,0,0,0,0,0,0,0,0.30254,0.23308,0.10684,0,0,0,0.43799,0.12372,0.1079,0.29914,0.46602,0.59011,0.68665,0.76457,0.83209,0.80792,0.47641,0.41892,0.72373,0.85506,0.68834,0.29773,0.037304,0.017463,0.34069,0.70204,0.92083,0.93455,0.88835,0.87953,0.87184,0.85342,0.81297,0.7238,0.68164,0.61599,0.45385,0.25648,0,0,0,0,0,0,0,0,0,0,0,0,0,0,0,0,0,0,0,0,0,0,0,0,0,0,0,0,0,0,0,0,0,0,0,0,0,0,0,0.10222,0.10706,0.09022,0.071138,0.04915,0,0,0,0,0,0
0,0,0,0,0,0,0,0.020343,0.14077,0.33281,0.52244,0.63018,0,0,0,0,0,0,0,0,0,0,0,0,0,0,0,0,0,0,0,0,0,0,0,0,0,0,0,0,0,0.28981,0,0,0,0,0,0.036688,0.14546,0.33223,0.50739,0.61873,0,0,0.78981,0.74138,0.60454,0.64461,0.78069,0.86407,0.84723,0.73819,0.65544,0.70132,0.80095,0.85465,0.80355,0.71124,0.65493,0.61507,0.54869,0.47781,0.38993,0,0,0,0,0,0,0,0,0,0,0,0,0,0,0,0,0,0,0,0,0,0,0,0,0,0,0,0,0,0,0,0,0,0,0,0,0,0,0,0,0,0,0,0,0.095231,0.087099,0.071193,0.054594,0,0,0,0,0,0,0
0,0,0,0,0,0,0,0,0.10663,0.26765,0.43952,0.56083,0.55407,0,0,0,0,0,0,0,0,0,0,0,0,0,0,0,0,0,0,0,0,0,0,0,0,0,0,0,0,0,0,0,0,0,0,0,0,0,0,0,0,0,0,0,0,0.40648,0.44426,0.50564,0.53228,0.51984,0.50068,0.50507,0.52098,0.51638,0.45973,0.37889,0.32678,0.3021,0,0,0,0,0,0,0,0,0,0,0,0,0,0,0,0,0,0,0,0,0,0,0,0,0,0,0,0,0,0,0,0,0,0,0,0,0,0,0,0,0,0,0,0,0,0,0.066614,0.092856,0.073344,0.054694,0.037182,0,0,0,0,0,0,0
0,0,0,0,0,0,0,0,0.047092,0.16513,0.33134,0.47,0.55017,0,0,0,0,0,0,0,0,0,0,0,0,0,0,0,0,0,0,0,0,0,0,0,0,0,0,0,0,0,0,0,0,0,0,0,0,0,0,0,0,0,0,0,0,0,0,0,0,0,0,0.19662,0.17627,0.13741,0.09718,0.084488,0,0,0,0,0,0,0,0,0,0,0,0,0,0,0,0,0,0,0,0,0,0,0,0,0,0,0,0,0,0,0,0,0,0,0,0,0,0,0,0,0,0,0,0,0,0,0,0,0.10857,0.10132,0.071058,0.045019,0.022893,0,0,0,0,0,0,0
0,0,0,0,0,0,0,0,0,0.091734,0.23589,0.40967,0.55709,0.5994,0,0,0,0,0,0,0,0,0,0,0,0,0,0,0,0,0,0,0,0,0,0,0,0,0,0,0,0,0,0,0,0,0,0,0,0,0,0,0,0,0,0,0,0,0,0,0,0,0,0,0,0,0,0,0,0,0,0,0,0,0,0,0,0,0,0,0,0,0,0,0,0,0,0,0,0,0,0,0,0,0,0,0,0,0,0,0,0,0,0,0,0,0,0,0,0,0,0,0,0,0,0,0.094726,0.09815,0.073203,0.04224,0,0,0,0,0,0,0,0
0,0,0,0,0,0,0,0,0,0.041824,0.16344,0.35214,0.51752,0.60651,0,0,0,0,0,0,0,0,0,0,0,0,0,0,0,0,0,0,0,0,0,0,0,0,0,0,0,0,0,0,0,0,0,0,0,0,0,0,0,0,0,0,0,0,0,0,0,0,0,0,0,0,0,0,0,0,0,0,0,0,0,0,0,0,0,0,0,0,0,0,0,0,0,0,0,0,0,0,0,0,0,0,0,0,0,0,0,0,0,0,0,0,0,0,0,0,0,0,0,0,0,0.1144,0.027494,0.068273,0.055969,0.039563,0,0,0,0,0,0,0,0
0,0,0,0,0,0,0,0,0,0,0.10014,0.25881,0.44314,0.57882,0.54043,0,0,0,0,0,0,0,0,0,0,0,0,0,0,0,0,0,0,0,0,0,0,0,0,0,0,0,0,0,0,0,0,0,0,0,0,0,0,0,0,0,0,0,0,0,0,0,0,0,0,0,0,0,0,0,0,0,0,0,0,0,0,0,0,0,0,0,0,0,0,0,0,0,0,0,0,0,0,0,0,0,0,0,0,0,0,0,0,0,0,0,0,0,0,0,0,0,0,0,0,0.11786,0.042189,0.0040783,0.019169,0.028622,0,0,0,0,0,0,0,0
0,0,0,0,0,0,0,0,0,0,0.043476,0.19205,0.39414,0.56045,0.62043,0,0,0,0,0,0,0,0,0,0,0,0,0,0,0,0,0,0,0,0,0,0,0,0,0,0,0,0,0,0,0,0,0,0,0,0,0,0,0,0,0,0,0,0,0,0,0,0,0,0,0,0,0,0,0,0,0,0,0,0,0,0,0,0,0,0,0,0,0,0,0,0,0,0,0,0,0,0,0,0,0,0,0,0,0,0,0,0,0,0,0,0,0,0,0,0,0,0,0,0.2852,0.13088,0.081306,0.049631,0.016552,0,0,0,0,0,0,0,0,0
0,0,0,0,0,0,0,0,0,0,0,0.15508,0.34142,0.52506,0.66645,0,0,0,0,0,0,0,0,0,0,0,0,0,0,0,0,0,0,0,0,0,0,0,0,0,0,0,0,0,0,0,0,0,0,0,0,0,0,0,0,0,0,0,0,0,0,0,0,0,0,0,0,0,0,0,0,0,0,0,0,0,0,0,0,0,0,0,0,0,0,0,0,0,0,0,0,0,0,0,0,0,0,0,0,0,0,0,0,0,0,0,0,0,0,0,0,0,0,0,0.22782,0.15523,0.10214,0.064857,0.031832,0,0,0,0,0,0,0,0,0
0,0,0,0,0,0,0,0,0,0,0,0.10729,0.26955,0.48446,0.70494,0.80503,0,0,0,0,0,0,0,0,0,0,0,0,0,0,0,0,0,0,0,0,0,0,0,0,0,0,0,0,0,0,0,0,0,0,0,0,0,0,0,0,0,0,0,0,0,0,0,0,0,0,0,0,0,0,0,0,0,0,0,0,0,0,0,0,0,0,0,0,0,0,0,0,0,0,0,0,0,0,0,0,0,0,0,0,0,0,0,0,0,0,0,0,0,0,0,0,0,0.33976,0.20616,0.15604,0.11402,0.068461,0,0,0,0,0,0,0,0,0,0
0,0,0,0,0,0,0,0,0,0,0,0,0.19404,0.43204,0.67946,0.82923,0,0,0,0,0,0,0,0,0,0,0,0,0,0,0,0,0,0,0,0,0,0,0,0,0,0,0,0,0,0,0,0,0,0,0,0,0,0,0,0,0,0,0,0,0,0,0,0,0,0,0,0,0,0,0,0,0,0,0,0,0,0,0,0,0,0,0,0,0,0,0,0,0,0,0,0,0,0,0,0,0,0,0,0,0,0,0,0,0,0,0,0,0,0,0,0,0,0.27227,0.19917,0.14935,0.10807,0.063925,0,0,0,0,0,0,0,0,0,0
0,0,0,0,0,0,0,0,0,0,0,0,0.12228,0.33102,0.59099,0.81746,0.89578,0,0,0,0,0,0,0,0,0,0,0,0,0,0,0,0,0,0,0,0,0,0,0,0,0,0,0,0,0,0,0,0,0,0,0,0,0,0,0,0,0,0,0,0,0,0,0,0,0,0,0,0,0,0,0,0,0,0,0,0,0,0,0,0,0,0,0,0,0,0,0,0,0,0,0,0,0,0,0,0,0,0,0,0,0,0,0,0,0,0,0,0,0,0,0,0.3732,0.2451,0.19008,0.14512,0.092759,0,0,0,0,0,0,0,0,0,0,0
0,0,0,0,0,0,0,0,0,0,0,0,0,0.21742,0.47327,0.73692,0.93158,0,0,0,0,0,0,0,0,0,0,0,0,0,0,0,0,0,0,0,0,0,0,0,0,0,0,0,0,0,0,0,0,0,0,0,0,0,0,0,0,0,0,0,0,0,0,0,0,0,0,0,0,0,0,0,0,0,0,0,0,0,0,0,0,0,0,0,0,0,0,0,0,0,0,0,0,0,0,0,0,0,0,0,0,0,0,0,0,0,0,0,0,0,0,0,0.31878,0.23165,0.17618,0.12833,0.076474,0,0,0,0,0,0,0,0,0,0,0
0,0,0,0,0,0,0,0,0,0,0,0,0,0.13202,0.3317,0.59273,0.8802,0.95832,0,0,0,0,0,0,0,0,0,0,0,0,0,0,0,0,0,0,0,0,0,0,0,0,0,0,0,0,0,0,0,0,0,0,0,0,0,0,0,0,0,0,0,0,0,0,0,0,0,0,0,0,0,0,0,0,0,0,0,0,0,0,0,0,0,0,0,0,0,0,0,0,0,0,0,0,0,0,0,0,0,0,0,0,0,0,0,0,0,0,0,0,0,0.49569,0.29163,0.21898,0.165,0.10776,0,0,0,0,0,0,0,0,0,0,0,0
0,0,0,0,0,0,0,0,0,0,0,0,0,0,0.17439,0.41635,0.70358,0.8033,0.81101,0,0,0,0,0,0,0,0,0,0,0,0,0,0,0,0,0,0,0,0,0,0,0,0,0,0,0,0,0,0,0,0,0,0,0,0,0,0,0,0,0,0,0,0,0,0,0,0,0,0,0,0,0,0,0,0,0,0,0,0,0,0,0,0,0,0,0,0,0,0,0,0,0,0,0,0,0,0,0,0,0,0,0,0,0,0,0,0,0,0,0,0,0.39246,0.28375,0.21322,0.15059,0.0866,0,0,0,0,0,0,0,0,0,0,0,0
0,0,0,0,0,0,0,0,0,0,0,0,0,0,0.029479,0.26572,0.49983,0.66463,0.76836,0,0,0,0,0,0,0,0,0,0,0,0,0,0,0,0,0,0,0,0,0,0,0,0,0,0,0,0,0,0,0,0,0,0,0,0,0,0,0,0,0,0,0,0,0,0,0,0,0,0,0,0,0,0,0,0,0,0,0,0,0,0,0,0,0,0,0,0,0,0,0,0,0,0,0,0,0,0,0,0,0,0,0,0,0,0,0,0,0,0,0,0.3769,0.30896,0.26282,0.20667,0.13549,0,0,0,0,0,0,0,0,0,0,0,0,0
0,0,0,0,0,0,0,0,0,0,0,0,0,0,0,0.1571,0.32501,0.50425,0.67829,0.78713,0,0,0,0,0,0,0,0,0,0,0,0,0,0,0,0,0,0,0,0,0,0,0,0,0,0,0,0,0,0,0,0,0,0,0,0,0,0,0,0,0,0,0,0,0,0,0,0,0,0,0,0,0,0,0,0,0,0,0,0,0,0,0,0,0,0,0,0,0,0,0,0,0,0,0,0,0,0,0,0,0,0,0,0,0,0,0,0,0,0.34362,0.27966,0.24147,0.21061,0.17617,0.11969,0,0,0,0,0,0,0,0,0,0,0,0,0
0,0,0,0,0,0,0,0,0,0,0,0,0,0,0,0.069917,0.16495,0.2963,0.48502,0.60127,1.0565,0,0,0,0,0,0,0,0,0,0,0,0,0,0,0,0,0,0,0,0,0,0,0,0,0,0,0,0,0,0,0,0,0,0,0,0,0,0,0,0,0,0,0,0,0,0,0,0,0,0,0,0,0,0,0,0,0,0,0,0,0,0,0,0,0,0,0,0,0,0,0,0,0,0,0,0,0,0,0,0,0,0,0,0,0,0,0,0.35091,0.28172,0.23545,0.19073,0.14894,0.11405,0,0,0,0,0,0,0,0,0,0,0,0,0,0
0,0,0,0,0,0,0,0,0,0,0,0,0,0,0,0,0.017648,0.0045721,0.23465,2.0621,0.50009,0.80406,0,0,0,0,0,0,0,0,0,0,0,0,0,0,0,0,0,0,0,0,0,0,0,0,0,0,0,0,0,0,0,0,0,0,0,0,0,0,0,0,0,0,0,0,0,0,0,0,0,0,0,0,0,0,0,0,0,0,0,0,0,0,0,0,0,0,0,0,0,0,0,0,0,0,0,0,0,0,0,0,0,0,0,0,0,0.35415,0.2864,0.24024,0.19588,0.14752,0.095369,0,0,0,0,0,0,0,0,0,0,0,0,0,0,0
0,0,0,0,0,0,0,0,0,0,0,0,0,0,0,0,0,0.27397,0.33333,0.70066,0.52287,0.71981,1.2955,0,0,0,0,0,0,0,0,0,0,0,0,0,0,0,0,0,0,0,0,0,0,0,0,0,0,0,0,0,0,0,0,0,0,0,0,0,0,0,0,0,0,0,0,0,0,0,0,0,0,0,0,0,0,0,0,0,0,0,0,0,0,0,0,0,0,0,0,0,0,0,0,0,0,0,0,0,0,0,0,0,0,0,0.31323,0.27769,0.23674,0.19465,0.1505,0.10252,0,0,0,0,0,0,0,0,0,0,0,0,0,0,0,0
0,0,0,0,0,0,0,0,0,0,0,0,0,0,0,0,0,0,0.28321,0.69688,0.063682,0.36171,0.82885,1.3865,0,0,0,0,0,0,0,0,0,0,0,0,0,0,0,0,0,0,0,0,0,0,0,0,0,0,0,0,0,0,0,0,0,0,0,0,0,0,0,0,0,0,0,0,0,0,0,0,0,0,0,0,0,0,0,0,0,0,0,0,0,0,0,0,0,0,0,0,0,0,0,0,0,0,0,0,0,0,0,0,0,0.26739,0.25826,0.22885,0.18931,0.14521,0.099234,0,0,0,0,0,0,0,0,0,0,0,0,0,0,0,0,0
0,0,0,0,0,0,0,0,0,0,0,0,0,0,0,0,0,0,0,0.0087557,0.13656,0.30204,0.46317,0.63686,0.9158,0,0,0,0,0,0,0,0,0,0,0,0,0,0,0,0,0,0,0,0,0,0,0,0,0,0,0,0,0,0,0,0,0,0,0,0,0,0,0,0,0,0,0,0,0,0,0,0,0,0,0,0,0,0,0,0,0,0,0,0,0,0,0,0,0,0,0,0,0,0,0,0,0,0,0,0,0,0,0,0.26205,0.24372,0.21801,0.18398,0.14236,0.095485,0,0,0,0,0,0,0,0,0,0,0,0,0,0,0,0,0,0
0,0,0,0,0,0,0,0,0,0,0,0,0,0,0,0,0,0,0,0,0.25264,0.18726,0.16821,0.25626,0.27338,0.098121,0,0,0,0,0,0,0,0,0,0,0,0,0,0,0,0,0,0,0,0,0,0,0,0,0,0,0,0,0,0,0,0,0,0,0,0,0,0,0,0,0,0,0,0,0,0,0,0,0,0,0,0,0,0,0,0,0,0,0,0,0,0,0,0,0,0,0,0,0,0,0,0,0,0,0,0,0,0.31597,0.26232,0.21563,0.17614,0.13754,0.094875,0,0,0,0,0,0,0,0,0,0,0,0,0,0,0,0,0,0,0
0,0,0,0,0,0,0,0,0,0,0,0,0,0,0,0,0,0,0,0,0,0.045036,0.094366,0.075012,0.0081504,0.01396,0,0,0,0,0,0,0,0,0,0,0,0,0,0,0,0,0,0,0,0,0,0,0,0,0,0,0,0,0,0,0,0,0,0,0,0,0,0,0,0,0,0,0,0,0,0,0,0,0,0,0,0,0,0,0,0,0,0,0,0,0,0,0,0,0,0,0,0,0,0,0,0,0,0,0,0,0,0.30133,0.25433,0.1937,0.13663,0.088347,0,0,0,0,0,0,0,0,0,0,0,0,0,0,0,0,0,0,0,0
0,0,0,0,0,0,0,0,0,0,0,0,0,0,0,0,0,0,0,0,0,0,0.023601,0.0049564,0.019063,0.027051,0.027852,0,0,0,0,0,0,0,0,0,0,0,0,0,0,0,0,0,0,0,0,0,0,0,0,0,0,0,0,0,0,0,0,0,0,0,0,0,0,0,0,0,0,0,0,0,0,0,0,0,0,0,0,0,0,0,0,0,0,0,0,0,0,0,0,0,0,0,0,0,0,0,0,0,0,0,0.25308,0.25521,0.23045,0.18082,0.11207,0,0,0,0,0,0,0,0,0,0,0,0,0,0,0,0,0,0,0,0,0
0,0,0,0,0,0,0,0,0,0,0,0,0,0,0,0,0,0,0,0,0,0,0,0.00786,0.016516,0.022987,0.015117,0.10049,0,0,0,0,0,0,0,0,0,0,0,0,0,0,0,0,0,0,0,0,0,0,0,0,0,0,0,0,0,0,0,0,0,0,0,0,0,0,0,0,0,0,0,0,0,0,0,0,0,0,0,0,0,0,0,0,0,0,0,0,0,0,0,0,0,0,0,0,0,0,0,0,0,0.22961,0.21885,0.20511,0.18495,0.15458,0.10258,0,0,0,0,0,0,0,0,0,0,0,0,0,0,0,0,0,0,0,0,0
0,0,0,0,0,0,0,0,0,0,0,0,0,0,0,0,0,0,0,0,0,0,0,0,0.0098897,0.010874,0.03053,0.19439,0.16989,0,0,0,0,0,0,0,0,0,0,0,0,0,0,0,0,0,0,0,0,0,0,0,0,0,0,0,0,0,0,0,0,0,0,0,0,0,0,0,0,0,0,0,0,0,0,0,0,0,0,0,0,0,0,0,0,0,0,0,0,0,0,0,0,0,0,0,0,0,0,0.20687,0.21609,0.20585,0.18516,0.15972,0.13174,0.10272,0,0,0,0,0,0,0,0,0,0,0,0,0,0,0,0,0,0,0,0,0,0
0,0,0,0,0,0,0,0,0,0,0,0,0,0,0,0,0,0,0,0,0,0,0,0,0.0024001,0.021612,0.041889,0.10191,0.16297,0.19431,0,0,0,0,0,0,0,0,0,0,0,0,0,0,0,0,0,0,0,0,0,0,0,0,0,0,0,0,0,0,0,0,0,0,0,0,0,0,0,0,0,0,0,0,0,0,0,0,0,0,0,0,0,0,0,0,0,0,0,0,0,0,0,0,0,0,0,0,0.17178,0.17141,0.17441,0.17209,0.15178,0.11915,0.082043,0,0,0,0,0,0,0,0,0,0,0,0,0,0,0,0,0,0,0,0,0,0,0
0,0,0,0,0,0,0,0,0,0,0,0,0,0,0,0,0,0,0,0,0,0,0,0,0,0.021534,0.015689,0.061723,0.1325,0.1844,0.20823,0.17062,0,0,0,0,0,0,0,0,0,0,0,0,0,0,0,0,0,0,0,0,0,0,0,0,0,0,0,0,0,0,0,0,0,0,0,0,0,0,0,0,0,0,0,0,0,0,0,0,0,0,0,0,0,0,0,0,0,0,0,0,0,0,0,0,0.17539,0.18588,0.17021,0.14639,0.13195,0.12889,0.11686,0.083198,0,0,0,0,0,0,0,0,0,0,0,0,0,0,0,0,0,0,0,0,0,0,0,0
0,0,0,0,0,0,0,0,0,0,0,0,0,0,0,0,0,0,0,0,0,0,0,0,0,0,0.010192,0.035764,0.086989,0.13916,0.17972,0.20886,0.24241,0.25201,0,0,0,0,0,0,0,0,0,0,0,0,0,0,0,0,0,0,0,0,0,0,0,0,0,0,0,0,0,0,0,0,0,0,0,0,0,0,0,0,0,0,0,0,0,0,0,0,0,0,0,0,0,0,0,0,0,0,0,0,0,0.1538,0.15518,0.16065,0.15292,0.12596,0.095506,0.077875,0,0,0,0,0,0,0,0,0,0,0,0,0,0,0,0,0,0,0,0,0,0,0,0,0,0
0,0,0,0,0,0,0,0,0,0,0,0,0,0,0,0,0,0,0,0,0,0,0,0,0,0,0,0,0.041543,0.066918,0.10352,0.16603,0.21606,0.23117,0.20731,0,0,0,0,0,0,0,0,0,0,0,0,0,0,0,0,0,0,0,0,0,0,0,0,0,0,0,0,0,0,0,0,0,0,0,0,0,0,0,0,0,0,0,0,0,0,0,0,0,0,0,0,0,0,0,0,0,0,0,0.14509,0.13902,0.12744,0.12187,0.11999,0.10381,0.067838,0,0,0,0,0,0,0,0,0,0,0,0,0,0,0,0,0,0,0,0,0,0,0,0,0,0,0
0,0,0,0,0,0,0,0,0,0,0,0,0,0,0,0,0,0,0,0,0,0,0,0,0,0,0,0,0,0.00044408,0.048444,0.1022,0.15558,0.17873,0.1777,0.16533,0.085218,0,0,0,0,0,0,0,0,0,0,0,0,0,0,0,0,0,0,0,0,0,0,0,0,0,0,0,0,0,0,0,0,0,0,0,0,0,0,0,0,0,0,0,0,0,0,0,0,0,0,0,0,0,0,0,0.13892,0.12679,0.11994,0.11511,0.10131,0.083899,0.07369,0.069106,0,0,0,0,0,0,0,0,0,0,0,0,0,0,0,0,0,0,0,0,0,0,0,0,0,0,0,0
0,0,0,0,0,0,0,0,0,0,0,0,0,0,0,0,0,0,0,0,0,0,0,0,0,0,0,0,0,0,0,0.042771,0.06598,0.095994,0.12656,0.15298,0.2182,0.28287,0.33996,0,0,0,0,0,0,0,0,0,0,0,0,0,0,0,0,0,0,0,0,0,0,0,0,0,0,0,0,0,0,0,0,0,0,0,0,0,0,0,0,0,0,0,0,0,0,0,0,0,0,0,0,0.18968,0.16098,0.12229,0.095168,0.085104,0.075552,0.052792,0,0,0,0,0,0,0,0,0,0,0,0,0,0,0,0,0,0,0,0,0,0,0,0,0,0,0,0,0,0
0,0,0,0,0,0,0,0,0,0,0,0,0,0,0,0,0,0,0,0,0,0,0,0,0,0,0,0,0,0,0,0,0.012954,0.037028,0.056122,0.11084,0.20399,0.28222,0.37595,0.61201,0,0,0,0,0,0,0,0,0,0,0,0,0,0,0,0,0,0,0,0,0,0,0,0,0,0,0,0,0,0,0,0,0,0,0,0,0,0,0,0,0,0,0,0,0,0,0,0,0,0.19436,0.18804,0.17974,0.15764,0.11778,0.076349,0.05127,0,0,0,0,0,0,0,0,0,0,0,0,0,0,0,0,0,0,0,0,0,0,0,0,0,0,0,0,0,0,0,0
0,0,0,0,0,0,0,0,0,0,0,0,0,0,0,0,0,0,0,0,0,0,0,0,0,0,0,0,0,0,0,0,0,0,0.00040647,0.064323,0.14057,0.22455,0.34236,0.47168,0.47828,0.40795,0,0,0,0,0,0,0,0,0,0,0,0,0,0,0,0,0,0,0,0,0,0,0,0,0,0,0,0,0,0,0,0,0,0,0,0,0,0,0,0,0,0,0,0,0,0.21334,0.18731,0.1755,0.16359,0.14881,0.1336,0.10698,0.063885,0,0,0,0,0,0,0,0,0,0,0,0,0,0,0,0,0,0,0,0,0,0,0,0,0,0,0,0,0,0,0,0,0
0,0,0,0,0,0,0,0,0,0,0,0,0,0,0,0,0,0,0,0,0,0,0,0,0,0,0,0,0,0,0,0,0,0,0,0.029342,0.071003,0.12363,0.19289,0.26936,0.32595,0.35295,0.36653,0.37055,0,0,0,0,0,0,0,0,0,0,0,0,0,0,0,0,0,0,0,0,0,0,0,0,0,0,0,0,0,0,0,0,0,0,0,0,0,0,0,0,0,0.25517,0.25383,0.21443,0.16927,0.13962,0.12581,0.11105,0.091721,0,0,0,0,0,0,0,0,0,0,0,0,0,0,0,0,0,0,0,0,0,0,0,0,0,0,0,0,0,0,0,0,0,0,0
0,0,0,0,0,0,0,0,0,0,0,0,0,0,0,0,0,0,0,0,0,0,0,0,0,0,0,0,0,0,0,0,0,0,0,0,0,0.0093717,0.067794,0.1338,0.1974,0.27545,0.32752,0.37309,0.38683,0.36298,0,0,0,0,0,0,0,0,0,0,0,0,0,0,0,0,0,0,0,0,0,0,0,0,0,0,0,0,0,0,0,0,0,0,0,0,0,0.19583,0.22666,0.22989,0.22007,0.19547,0.1515,0.10604,0.078609,0,0,0,0,0,0,0,0,0,0,0,0,0,0,0,0,0,0,0,0,0,0,0,0,0,0,0,0,0,0,0,0,0,0,0,0,0
0,0,0,0,0,0,0,0,0,0,0,0,0,0,0,0,0,0,0,0,0,0,0,0,0,0,0,0,0,0,0,0,0,0,0,0,0,0,0,0.048257,0.090301,0.15397,0.23297,0.28455,0.33348,0.35657,0.36088,0.35021,0.3162,0.26964,0.2125,0,0,0,0,0,0,0,0,0,0,0,0,0,0,0,0,0,0,0,0,0,0,0,0,0,0,0.02997,0.016121,0.023441,0.081673,0.14897,0.1492,0.14986,0.18417,0.1956,0.17757,0.15826,0.1289,0.080076,0,0,0,0,0,0,0,0,0,0,0,0,0,0,0,0,0,0,0,0,0,0,0,0,0,0,0,0,0,0,0,0,0,0,0,0,0,0
0,0,0,0,0,0,0,0,0,0,0,0,0,0,0,0,0,0,0,0,0,0,0,0,0,0,0,0,0,0,0,0,0,0,0,0,0,0,0,0,0.023107,0.058864,0.1049,0.16467,0.21947,0.25966,0.28701,0.29038,0.27403,0.25273,0.22701,0.21165,0.19494,0.16005,0.12061,0.074405,0,0,0,0,0,0,0,0,0,0,0,0,0,0,0,0,0.16733,0.13451,0.084274,0.0057847,0.04806,0.038841,0.015788,0.009704,0.053258,0.11936,0.12738,0.11465,0.13192,0.15163,0.13319,0.10561,0,0,0,0,0,0,0,0,0,0,0,0,0,0,0,0,0,0,0,0,0,0,0,0,0,0,0,0,0,0,0,0,0,0,0,0,0,0,0,0
0,0,0,0,0,0,0,0,0,0,0,0,0,0,0,0,0,0,0,0,0,0,0,0,0,0,0,0,0,0,0,0,0,0,0,0,0,0,0,0,0,0,0.025445,0.061364,0.10044,0.14877,0.18592,0.19621,0.18734,0.16849,0.15341,0.15511,0.14605,0.12213,0.10129,0.10407,0.12836,0.13557,0.11988,0.09016,0.064926,0,0,0,0,0,0,0.023566,0.018113,0.013238,0.013053,0.033641,0.011358,0.0162,0.017887,0.017559,0.048383,0.042729,0.02321,0.010443,0.034825,0.084663,0.10055,0.084954,0.076971,0.090196,0,0,0,0,0,0,0,0,0,0,0,0,0,0,0,0,0,0,0,0,0,0,0,0,0,0,0,0,0,0,0,0,0,0,0,0,0,0,0,0,0,0
0,0,0,0,0,0,0,0,0,0,0,0,0,0,0,0,0,0,0,0,0,0,0,0,0,0,0,0,0,0,0,0,0,0,0,0,0,0,0,0,0,0,0,0,0.023666,0.060354,0.087045,0.096021,0.089119,0.075092,0.082833,0.096936,0.094976,0.079753,0.067705,0.081552,0.10291,0.10677,0.094938,0.08476,0.1296,0.22372,0.25685,0.27065,0.27986,0.27937,0.2251,0.13481,0.068531,0.033643,0.044111,0.064037,0.059147,0.068222,0.0012386,0.014595,0.035617,0.038012,0.026091,0.011299,0.017307,0.044136,0.060597,0,0,0,0,0,0,0,0,0,0,0,0,0,0,0,0,0,0,0,0,0,0,0,0,0,0,0,0,0,0,0,0,0,0,0,0,0,0,0,0,0,0,0,0,0
0,0,0,0,0,0,0,0,0,0,0,0,0,0,0,0,0,0,0,0,0,0,0,0,0,0,0,0,0,0,0,0,0,0,0,0,0,0,0,0,0,0,0,0,0,0,0,0,0,0.013042,0.032374,0.044799,0.045811,0.03722,0.032491,0.048705,0.064816,0.068259,0.061738,0.068694,0.15873,0.24535,0.26522,0.28467,0.30989,0.32407,0.26479,0.16077,0.083676,0.034018,0.029222,0.047645,0.045936,0.028039,0.0085109,0.0071955,0.018399,0.024261,0,0,0,0,0,0,0,0,0,0,0,0,0,0,0,0,0,0,0,0,0,0,0,0,0,0,0,0,0,0,0,0,0,0,0,0,0,0,0,0,0,0,0,0,0,0,0,0,0,0
